0.0  0.0  2.0  0.0
0.05  0.0  2.1  0.0
0.1  0.0  2.2  0.0
0.15  0.0  2.3  0.0
0.2  0.0  2.4  0.0
0.25  0.0  2.5  0.0
0.3  0.0  2.6  0.0
0.35000000000000003  0.0  2.7  0.0
0.4  0.0  2.8  0.0
0.45  0.0  2.9  0.0
0.5  0.0  3.0  0.0
0.55  0.0  3.1  0.0
0.6  0.0  3.2  0.0
0.65  0.0  3.3  0.0
0.7000000000000001  0.0  3.4000000000000004  0.0
0.75  0.0  3.5  0.0
0.8  0.0  3.6  0.0
0.85  0.0  3.7  0.0
0.9  0.0  3.8  0.0
0.9500000000000001  0.0  3.9000000000000004  0.0
1.0  0.0  4.0  0.0
1.05  0.001019289252122153  4.0989807107478775  0.04095932160282229
1.1  0.004656572177383396  4.195343427822617  0.09424093315914515
1.1500000000000001  0.011025617094182627  4.288974382905818  0.1497687731262477
1.2  0.020236497697373297  4.379763502302627  0.20746790741209195
1.25  0.03239546486077542  4.467604535139224  0.26726087825425343
1.3  0.04760482353249267  4.552395176467507  0.3290678072255929
1.35  0.06596281486401047  4.634037185135989  0.39280650100485154
1.4000000000000001  0.08756350370716456  4.7124364962928365  0.45839255977320764
1.45  0.11249667160603279  4.787503328393967  0.5257394880949046
1.5  0.14084771540362495  4.859152284596375  0.5947588081373123
1.55  0.1726975515759367  4.927302448424063  0.6653601750832254
1.6  0.20812252639850104  4.991877473601499  0.7374514945858354
1.6500000000000001  0.24719433204302776  5.052805667956973  0.8109390421146334
1.7  0.28997992869407263  5.110020071305928  0.8857275840385224
1.75  0.3365414727679388  5.163458527232061  0.961720500290631
1.8  0.386936251308188  5.213063748691812  1.038819908457735
1.85  0.4412166226242437  5.258783377375757  1.116926789135807
1.9000000000000001  0.4994299632316062  5.300570036768394  1.1959411123920296
1.95  0.5616186211441869  5.338381378855813  1.2757619651726235
2.0  0.6278198755612129  5.3721801244387875  1.3562876794950673
2.05  0.6980659029830625  5.401934097016937  1.4374159612627
2.1  0.772383749782283  5.427616250217717  1.5190440195393378
2.15  0.8507953112479112  5.449204688752088  1.6010686961213543
2.2  0.9333173171130973  5.466682682886903  1.6833865952447178
2.25  1.0199613235679104  5.480038676432089  1.7658942132647149
2.3000000000000003  1.1107337117511  5.489266288248901  1.8484880681465234
2.35  1.205635692706522  5.494364307293479  1.931064828605443
2.4  1.3046633187818912  5.495336681218109  2.0135214427364327
2.45  1.407807501439549  5.492192498560451  2.0957552659736405
2.5  1.5150540354409907  5.484945964559009  2.1776641882218373
2.5500000000000003  1.6263836293590508  5.47361637064095  2.2591467600031176
2.6  1.7417719423638407  5.458228057636159  2.3401023174638205
2.65  1.8611896272208566  5.438810372779143  2.420431106088459
2.7  1.9846023794320558  5.415397620567944  2.5000344029694315
2.75  2.1119709924432133  5.388029007556787  2.578814637483468
2.8000000000000003  2.243251418833481  5.356748581166519  2.656675510228139
2.85  2.3783948373958266  5.321605162604174  2.733522110074267
2.9  2.5173477260098824  5.282652273990117  2.8092610291928235
2.95  2.6600519402017686  5.239948059798232  2.8838004759177616
3.0  2.806444797278605  5.193555202721395  2.9570503853092656
3.0500000000000003  2.9564591659187496  5.143540834081252  3.0289225272851494
3.1  3.1100235610923006  5.089976438907699  3.099330612191457
3.15  3.267062244180024  5.032937755819977  3.168190393686869
3.2  3.4274953281527556  4.972504671847245  3.2354197688191744
3.25  3.5912388876673056  4.908761112332694  3.300938875175872
3.3000000000000003  3.758205073929152  4.8417949260708495  3.3646701849949205
3.35  3.928302234166603  4.771697765833396  3.4265385961257326
3.4  4.101435035555767  4.698564964444234  3.4864715197347227
3.45  4.277504593430487  4.622495406569513  3.5443989646540257
3.5  4.456408603606481  4.543591396393519  3.600253618276477
3.5500000000000003  4.638041478644204  4.461958521355798  3.6539709239044695
3.6  4.822294487870482  4.377705512129517  3.705489154464983
3.65  5.009055900974716  4.2909440990252845  3.754749482507823
3.7  5.198211134991455  4.201788865008545  3.801696046408955
3.75  5.38964290447737  4.11035709552263  3.846276012705764
3.8000000000000003  5.5832313746871725  4.016768625312829  3.888439634496057
3.85  5.778854317549741  3.921145682450258  3.9281403058377338
3.9  5.976387270242739  3.8236127297572615  3.965334612091181
3.95  6.175703696161249  3.7242963038387513  3.9999823761516646
4.0  6.376675148073478  3.6233248519265224  4.0320467005242415
4.05  6.579171433254385  3.5208285667456147  4.0614940051990285
4.1  6.783060780386111  3.416939219613888  4.088294061289991
4.15  6.988210008012425  3.3117899919875757  4.11242002040579
4.2  7.19448469433298  3.2055153056670207  4.13384843972662
4.25  7.401749348122054  3.0982506518779456  4.152559302766345
4.3  7.60986758055554  2.9901324194444596  4.1685360358046655
4.3500000000000005  7.818702277729375  2.8812977222706264  4.1817655199793835
4.4  8.02811577365226  2.7718842263477406  4.192238099034237
4.45  8.237970023495459  2.6620299765045417  4.199947582722976
4.5  8.448126776882596  2.551873223117404  4.2048912458755785
4.55  8.658447751002946  2.441552248997054  4.207069823137464
4.6000000000000005  8.868794803332236  2.3312051966677654  4.206487499397287
4.65  9.07903010374602  2.2209698962539814  4.203151895923118
4.7  9.289016305811707  2.1109836941882936  4.197074052230253
4.75  9.498616717046579  2.0013832829534213  4.188268403705907
4.8  9.707695467930414  1.892304532069586  4.176752755015534
4.8500000000000005  9.916117679462387  1.7838823205376144  4.162548249310298
4.9  10.123749629052565  1.676250370947436  4.145679333241073
4.95  10.330458914537722  1.5695410854622782  4.126173717752551
5.0  10.536114616108016  1.4638853838919843  4.104062334563361
5.05  10.740587455922515  1.3594125440774842  4.079379288094644
5.1000000000000005  10.943749955171365  1.2562500448286364  4.052161802299287
5.15  11.145476588296374  1.154523411703627  4.022450161150488
5.2  11.345643933976767  1.0543560660232334  3.990287639927603
5.25  11.5441308222385  0.9558691777614996  3.955720420442966
5.3  11.740818476429272  0.8591815235707276  3.9187974728697927
5.3500000000000005  11.935590647170468  0.7644093528295333  3.879570357201142
5.4  12.128333730723508  0.6716662692764928  3.838092805922209
5.45  12.31893684944044  0.5810631505595598  3.794419635612135
5.5  12.507291819289518  0.4927081807104816  3.7486033069473432
5.55  12.693292710116179  0.4067072898838209  3.700680772407419
5.6000000000000005  12.87683358318279  0.3231664168172106  3.6506104551298693
5.65  13.057795335080568  0.2422046649194325  3.597859977442701
5.7  13.235930411851665  0.16406958814833494  3.5369946943853834
5.75  13.408528465613763  0.0914715343862369  3.3397763513449483
5.8  13.51006420412671  0.08993579587328959  0.8765075260484181
5.8500000000000005  13.538023404951598  0.16197659504840267  0.4886808320214591
5.9  13.560562024289785  0.2394379757102154  0.4296023676296068
5.95  13.580653068790875  0.3193469312091253  0.38390982707723265
6.0  13.598566408303416  0.4014335916965841  0.3415108534586272
6.05  13.61443238566718  0.4855676143328189  0.3014971215168812
6.1000000000000005  13.628365933756635  0.5716340662433659  0.2637558725797977
6.15  13.640480667510184  0.6595193324898165  0.2282926292633936
6.2  13.650891301644203  0.7491086983557977  0.19513569581631335
6.25  13.659714115136156  0.8402858848638441  0.16431725184568746
6.3  13.667066979511047  0.932933020488953  0.13586862038452593
6.3500000000000005  13.673069267309337  1.0269307326906638  0.10981885133363078
6.4  13.677841721730253  1.1221582782697475  0.08619422797113982
6.45  13.68150631170109  1.21849368829891  0.06501806879636576
6.5  13.684186080640083  1.3158139193599165  0.04631063606407812
6.55  13.686004992092824  1.4139950079071752  0.03008908780219515
6.6000000000000005  13.687087773633914  1.5129122263660868  0.016367450151357717
6.65  13.687559759743243  1.612440240256758  0.0051566008759105445
6.7  13.687546734087089  1.7124532659129112  -0.003535739810275695
6.75  13.68717477151285  1.8128252284871493  -0.009705012824641467
6.8  13.686570080010377  1.913429919989623  -0.01334981901472542
6.8500000000000005  13.68585884286584  2.0141411571341603  -0.014471913579668115
6.9  13.685167061219998  2.114832938780003  -0.013076196330732452
6.95  13.684620397234841  2.215379602765159  -0.009170697917481523
7.0  13.684344018067762  2.315655981932238  -0.002766562103198987
7.05  13.684462440848776  2.4155375591512254  0.006121975847123165
7.1000000000000005  13.685099378853574  2.5149006211464293  0.01747761461165598
7.15  13.686377589062417  2.613622410937584  0.031280016037682816
7.2  13.688418721292454  2.711581278707545  0.047505838096458725
7.25  13.691343169088196  2.8086568309118043  0.06612877151273298
7.3  13.695269922552258  2.904730077447743  0.08711958001167096
7.3500000000000005  13.700316423295384  2.9996835767046193  0.11044614412241249
7.4  13.706598421681687  3.093401578318314  0.13607350847374514
7.45  13.714229836541652  3.185770163458347  0.16396393251350733
7.5  13.723322617521958  3.2766773824780415  0.19407694457944064
7.55  13.733986610237432  3.3660133897625695  0.22636939924534383
7.6000000000000005  13.746329424386447  3.4536705756135557  0.2607955378625711
7.65  13.760456304987148  3.5395436950128527  0.2973070522131831
7.7  13.776470006887385  3.623529993112614  0.3358531511874254
7.75  13.794470672696892  3.7055293273031076  0.37638063039467523
7.8  13.814555714285605  3.785444285714396  0.41883394461358103
7.8500000000000005  13.836819697987092  3.8631803020129105  0.4631552829838229
7.9  13.861354233641235  3.938645766358766  0.5092846468387494
7.95  13.888247867605065  4.011752132394934  0.5571599300751099
8.0  13.917585979855435  4.082414020144565  0.6067170019531947
8.05  13.949450685301759  4.150549314698242  0.6578897922179323
8.1  13.983920739421555  4.216079260578445  0.7106103784288705
8.15  14.021071448325735  4.278928551674266  0.7648090753844905
8.2  14.06097458335495  4.339025416645049  0.8204145265239784
8.25  14.103698300302234  4.396301699697766  0.8773537971874008
8.3  14.149307063351257  4.450692936648744  0.9355524696132077
8.35  14.19786157381341  4.502138426186589  0.994934739550123
8.4  14.249418703740647  4.550581296259354  1.0554235143587707
8.45  14.304031434484832  4.595968565515166  1.1169405124768426
8.5  14.361748800267955  4.638251199732045  1.1794063641202164
8.55  14.422615836821105  4.677384163178896  1.2427407130912225
8.6  14.486673535143714  4.713326464856285  1.3068623195641806
8.65  14.553958800428  4.7460411995720015  1.3716891637174524
8.700000000000001  14.624504416186976  4.775495583813026  1.437138550080502
8.75  14.698339013617849  4.801660986382151  1.5031272124639137
8.8  14.77548704622594  4.824512953774061  1.5695714193399033
8.85  14.855968769727728  4.844031230272272  1.636387079540639
8.9  14.939800227244861  4.86019977275514  1.7034898481416112
8.950000000000001  15.02699323979445  4.873006760205552  1.7707952323974008
9.0  15.11755540207429  4.88244459792571  1.8382186975974555
9.05  15.211490083535018  4.888509916464983  1.9056757727099163
9.1  15.308796434724714  4.891203565275285  1.9730821556821316
9.15  15.409469398884793  4.890530601115207  2.04035381826725
9.200000000000001  15.51349972876968  4.886500271230322  2.1074071102472045
9.25  15.620874008656138  4.879125991343862  2.174158862923471
9.3  15.731574681501884  4.868425318498117  2.240526491748233
9.35  15.84558008120668  4.854419918793319  2.3064280979699565
9.4  15.962864469922895  4.837135530077106  2.3717825691689494
9.450000000000001  16.083398080356368  4.8166019196436345  2.436509678560141
9.5  16.20714716299225  4.79285283700775  2.5005301829422084
9.55  16.334074038174624  4.765925961825378  2.563765919174117
9.6  16.46413715296273  4.735862847037268  2.6261398990623297
9.65  16.597291142680866  4.702708857319134  2.68757640254417
9.700000000000001  16.733486897073444  4.666513102926558  2.7480010690552685
9.75  16.87267163097109  4.627328369028909  2.8073409869715547
9.8  17.014788959368282  4.5852110406317195  2.865524781018933
9.85  17.15977897680781  4.5402210231921885  2.9224826975465934
9.9  17.30757834096215  4.492421659037852  2.978146687562836
9.950000000000001  17.458120360296945  4.441879639703057  3.032450487435312
10.0  17.611335085697014  4.388664914302986  3.0853296971607787
10.05  17.76714940593048  4.332850594069523  3.1367218561127115
10.1  17.925487146822327  4.274512853177672  3.1865665161785035
10.15  18.08626917400433  4.213730825995672  3.234805312201461
10.200000000000001  18.24941349910405  4.150586500895951  3.2813820296463803
10.25  18.414835389231843  4.085164610768157  3.32624266941116
10.3  18.58244747962087  4.01755252037913  3.3693355097106563
10.35  18.752159889271674  3.9478401107283254  3.410611164962836
10.4  18.923880339449372  3.8761196605506285  3.450022641611185
10.450000000000001  19.097514274878474  3.802485725121528  3.487525390821336
10.5  19.272964987477184  3.7270350125228155  3.523077357993921
10.55  19.450133742470502  3.6498662575294993  3.5566390290397827
10.6  19.628919906718586  3.571080093281413  3.5881734733678488
10.65  19.809221079094744  3.4907789209052567  3.6176463835401944
10.700000000000001  19.99093322274507  3.4090667772549317  3.6450261115531113
10.75  20.17395079906  3.3260492009399982  3.6702837017072776
10.8  20.358166903186152  3.241833096813849  3.693392920034503
10.85  20.543473400905473  3.1565265990945264  3.7143302802528755
10.9  20.729761066707376  3.070238933292625  3.733075066226536
10.950000000000001  20.91691972287849  2.9830802771215126  3.7496093509107165
11.0  21.104838379433804  2.8951616205661956  3.763918011767088
11.05  21.29340537471243  2.8065946252875698  3.7759887426388987
11.1  21.482508516460737  2.7174914835392627  3.7858120620797453
11.15  21.67203522322547  2.6279647767745296  3.7933813181342604
11.200000000000001  21.86187266587954  2.5381273341204604  3.798692689573284
11.25  22.051907909103363  2.448092090896637  3.8017451835904246
11.3  22.242028052645136  2.3579719473548657  3.8025406299710824
11.35  22.432120372184176  2.267879627815823  3.8010836717491157
11.4  22.622072459622146  2.177927540377855  3.7973817523702054
11.450000000000001  22.811772362628265  2.0882276373717374  3.791445099384601
11.5  23.001108723265702  1.9988912767342981  3.783286704695116
11.55  23.18997091552777  1.9100290844722316  3.772922301388751
11.6  23.37824918161396  1.8217508183860396  3.7603703371817487
11.65  23.56583476677741  1.7341652332225905  3.7456519445075336
11.700000000000001  23.752620052576773  1.6473799474232287  3.728790907273644
11.75  23.938498688366444  1.561501311633556  3.7098136243053053
11.8  24.123365720859653  1.4766342791403488  3.6887490694758607
11.85  24.307117721597912  1.3928822784020873  3.6656287484908416
11.9  24.489652912156952  1.3103470878430485  3.6404866522297064
11.950000000000001  24.670871286911275  1.229128713088727  3.613359206431578
12.0  24.850674733162595  1.1493252668374048  3.584285217288103
12.05  25.02896714840385  1.0710328515961507  3.553305812074794
12.1  25.20565455442366  0.9943454455763394  3.520464373096114
12.15  25.380645207822525  0.9193547921774758  3.4858064614712667
12.200000000000001  25.553849706238747  0.8461502937612551  3.4493797235951145
12.25  25.72518108900662  0.7748189109933783  3.4112337650079514
12.3  25.894554929711838  0.7054450702881638  3.371419957860466
12.35  26.061889415239744  0.6381105847602555  3.3299911035940672
12.4  26.22710539902615  0.57289460097385  3.2870007593308386
12.450000000000001  26.390126398702428  0.5098736012975742  3.2425017306453507
12.5  26.550878460621224  0.4491215393787762  3.19654234393911
12.55  26.70928967299099  0.3907103270090104  3.14915629234034
12.6  26.865288652180375  0.3347113478196242  3.100331943556122
12.65  27.018799657267156  0.2812003427328449  3.049907534713283
12.700000000000001  27.169724928968304  0.23027507103169853  2.997154755930408
12.75  27.317868842929844  0.18213115707015604  2.9387669259990203
12.8  27.462525230844335  0.13747476915566637  2.8563589778193648
12.85  27.59956871892953  0.10043128107047039  2.6200267788843035
12.9  27.707967277995422  0.09203272200457846  1.7861750783816968
12.950000000000001  27.777837785110744  0.12216221488925783  1.2399441160037732
13.0  27.835325280397473  0.16467471960252666  1.1087480830861667
13.05  27.88878307975723  0.21121692024277294  1.0458407162941468
13.1  27.93954092863195  0.26045907136805013  0.9954765311621044
13.15  27.98790983695761  0.31209016304239157  0.9489879094389075
13.200000000000001  28.034021014823153  0.3659789851768487  0.9046226891291036
13.25  28.07796586122891  0.42203413877108886  0.8619640456337608
13.3  28.11982626215003  0.4801737378499702  0.8209176625391729
13.35  28.15968255790385  0.5403174420961498  0.7814807012279297
13.4  28.197615934487253  0.6023840655127479  0.7436790121150969
13.450000000000001  28.23370918654984  0.6662908134501606  0.7075475647288026
13.5  28.268046942023418  0.7319530579765825  0.673123630585595
13.55  28.30071568951113  0.799284310488872  0.6404441724784066
13.6  28.331803726594973  0.8681962734050259  0.609544754876857
13.65  28.36140107361909  0.9385989263809122  0.5804590491228638
13.700000000000001  28.38959937103109  1.0104006289689131  0.5532185878302869
13.75  28.41649176812418  1.0835082318758182  0.5278526306479584
13.8  28.442172806809303  1.1578271931906983  0.5043880831443927
13.85  28.46673830221646  1.23326169778354  0.48284944293646054
13.9  28.490285221091458  1.3097147789085426  0.4632587610447307
13.950000000000001  28.512911558558972  1.3870884414410298  0.4456356126724003
14.0  28.53471621362832  1.4652837863716783  0.42999707450633046
14.05  28.555798863719293  1.5442011362807087  0.41635770704332203
14.1  28.57625983843345  1.6237401615665483  0.40472954114675497
14.15  28.59619999276846  1.7038000072315391  0.395122068399384
14.200000000000001  28.61572057995733  1.7842794200426724  0.3875422350077539
14.25  28.634923124105548  1.8650768758944523  0.3819944391151668
14.3  28.65390929279378  1.9460907072062206  0.3784805314349563
14.35  28.67278076981027  2.027219230189729  0.37699981914535285
14.4  28.691639128174653  2.1083608718253473  0.37754907300274576
14.450000000000001  28.710585703613116  2.189414296386886  0.38012253763774956
14.5  28.72972146864295  2.27027853135705  0.38471194500154615
14.55  28.749146907423107  2.3508530925768945  0.3913065309303653
14.6  28.768961891525638  2.431038108474361  0.39989305479480436
14.65  28.789265556781295  2.5107344432187055  0.41045582219858173
14.700000000000001  28.810156181350486  2.5898438186495163  0.422976710688672
14.75  28.831731065169077  2.668268934830923  0.4374351984357945
14.8  28.854086410916167  2.745913589083834  0.4538083958410755
14.85  28.87731720664874  2.822682793351259  0.4720710800214618
14.9  28.901517110245667  2.8984828897543338  0.49219573212318923
14.950000000000001  28.926778335800805  2.9732216641991975  0.5141525774093396
15.0  28.95319154210224  3.046808457897761  0.5379096280642921
15.05  28.98084572333165  3.1191542766683504  0.5634327286546789
15.1  29.009828102114827  3.1901718978851754  0.5906856041833463
15.15  29.04022402505091  3.259775974949086  0.6196299106697656
15.200000000000001  29.072116860844655  3.3278831391553503  0.6502252881873776
15.25  29.10558790116241  3.3944120988375914  0.682429416285477
15.3  29.140716264328745  3.4592837356712565  0.716198071720455
15.35  29.177578801976942  3.5224211980230606  0.751485188418534
15.4  29.21625000876244  3.583749991237557  0.7882429195895417
15.450000000000001  29.256801935244383  3.643198064755623  0.8264217019087933
15.5  29.299304104036068  3.700695895963932  0.8659703216817768
15.55  29.343823429320853  3.7561765706791483  0.9068359829040769
15.6  29.390424139825587  3.809575860174416  0.9489643771268297
15.65  29.439167705339088  3.8608322946609093  0.9922997550359687
15.700000000000001  29.49011276685858  3.9098872331414256  1.0367849996516134
15.75  29.543315070442222  3.9566849295577775  1.0823617010521673
15.8  29.598827404841053  4.001172595158948  1.1289702325260216
15.85  29.65669954297879  4.043300457021214  1.1765498280522275
15.9  29.716978187342946  4.083021812657051  1.2250386610100827
15.950000000000001  29.779706919345653  4.120293080654353  1.274373924016298
16.0  29.844926152707483  4.155073847292517  1.3244919097872496
16.05  29.912673090912506  4.187326909087496  1.3753280929228062
16.1  29.9829816887774  4.217018311222603  1.4268172125073222
16.15  30.055882618172447  4.24411738182755  1.47889335542263
16.2  30.131403237926765  4.2685967620732335  1.5314900402672447
16.25  30.209567567944934  4.290432432055066  1.584540301775487
16.3  30.290396267556787  4.309603732443215  1.6379767756298924
16.35  30.37390661811687  4.326093381883133  1.6917317835600274
16.4  30.460112509864633  4.339887490135364  1.7457374186207641
16.45  30.549024433051127  4.350975566948872  1.7999256305430897
16.5  30.640649473332676  4.359350526667324  1.8542283110507167
16.55  30.73499131142657  4.3650086885734325  1.90857737903606
16.6  30.83205022701856  4.367949772981444  1.9629048654895977
16.65  30.931823106906716  4.368176893093281  2.017142998077192
16.7  31.034303457360842  4.3656965426391565  2.071224285260667
16.75  31.13948142067152  4.360518579328481  2.12508159985775
16.8  31.247343795857656  4.352656204142345  2.1786482619384655
16.85  31.3578740634963  4.342125936503702  2.231858120956137
16.9  31.471052414633412  4.328947585366585  2.2846456370123756
16.95  31.586855783729312  4.313144216270686  2.336945961156755
17.0  31.70525788558766  4.29474211441234  2.38869501462334
17.05  31.826229256211775  4.273770743788226  2.4398295669077874
17.1  31.949737297527655  4.250262702472348  2.4902873125904494
17.150000000000002  32.075746325908035  4.224253674091969  2.5400069468126945
17.2  32.20421762442755  4.195782375572449  2.5889282393155724
17.25  32.33510949877435  4.164890501225649  2.636992106951992
17.3  32.468377336739294  4.131622663260707  2.684140684585685
17.35  32.603973671199505  4.096026328800498  2.7303173942924657
17.400000000000002  32.74184824650885  4.058151753491153  2.7754670127816405
17.45  32.8819480882041  4.018051911795901  2.819535736957832
17.5  33.02421757593134  3.9757824240686617  2.8624712475460092
17.55  33.16859851949359  3.931401480506409  2.904222770705122
17.6  33.31503023791686  3.884969762083145  2.944741137558452
17.650000000000002  33.46344964142849  3.8365503585715146  2.983978841571546
17.7  33.61379131623802  3.786208683761977  3.021890093711477
17.75  33.76598761200784  3.734012387992159  3.0584308753241123
17.8  33.91996873189766  3.68003126810234  3.093558988669058
17.85  34.07566282506397  3.6243371749360307  3.1272341050550523
17.900000000000002  34.23299608149287  3.567003918507133  3.1594178105216884
17.95  34.39189282904204  3.508107170957956  3.1900736490165653
18.0  34.552275632565205  3.4477243674347946  3.2191671630202143
18.05  34.71406539499006  3.3859346050099433  3.2466659315744453
18.1  34.87718146021873  3.3228185397812737  3.272539605673125
18.150000000000002  35.04154171771761  3.2584582822823975  3.296759940977769
18.2  35.20706270866179  3.192937291338211  3.319300827823791
18.25  35.373659733497796  3.126340266502204  3.340138318486688
18.3  35.541246960786694  3.0587530392133075  3.359250651680962
18.35  35.709737537188424  2.990262462811579  3.3766182742680737
18.400000000000002  35.87904369844739  2.9209563015526143  3.3922238601532833
18.45  36.04907688123803  2.850923118761969  3.4060523263547693
18.5  36.219747835728725  2.7802521642712748  3.418090846231989
18.55  36.390966738721616  2.7090332612783854  3.4283288598638078
18.6  36.56264330722563  2.6373566927743752  3.436758081570487
18.650000000000002  36.73468691231994  2.5653130876800674  3.4433725045771837
18.7  36.907006693164774  2.492993306835224  3.4481684028201576
18.75  37.07951167101701  2.420488328982991  3.451144329900396
18.8  37.25211086310804  2.3478891368919648  3.4523011151928698
18.85  37.42471339624205  2.275286603757955  3.4516418571230743
18.900000000000002  37.59722861997356  2.202771380026441  3.449171913625917
18.95  37.769566219223854  2.130433780776144  3.4448988898053234
19.0  37.94163632619692  2.058363673803079  3.43883262281618
19.05  38.11334963145686  1.9866503685431383  3.4309851639933266
19.1  38.28461749402981  1.915382505970193  3.421370758255259
19.150000000000002  38.45535205039513  1.8446479496048767  3.410005820812899
19.2  38.62546632223199  1.7745336777680052  3.3969089112161974
19.25  38.79487432278935  1.7051256772106527  3.3821007047732636
19.3  38.96349116174893  1.6365088382510748  3.365603961378022
19.35  39.131233148452914  1.568766851547089  3.3474434917827787
19.400000000000002  39.298017893369426  1.501982106630578  3.3276461213511004
19.45  39.46376440767093  1.4362355923290693  3.306240651323413
19.5  39.628393200802044  1.3716067991979557  3.2832578176217613
19.55  39.79182637591418  1.3081736240858248  3.258730247209648
19.6  39.95398772304481  1.2460122769551916  3.2326924120055334
19.650000000000002  40.11480280991843  1.185197190081574  3.205180580320765
19.7  40.274199070243235  1.125800929756764  3.176232765748886
19.75  40.43210588937238  1.0678941106276199  3.145888673364789
19.8  40.58845468718832  1.011545312811684  3.1141896429856786
19.85  40.743178998051704  0.956821001948299  3.081178589080588
19.900000000000002  40.89621454762853  0.9037854523714728  3.0468999366594574
19.95  41.04749932636441  0.8525006736355891  3.011399552077894
20.0  41.196973659304774  0.8030263406952258  2.974724667086485
20.05  41.344580271849615  0.755419728150386  2.9369237935258283
20.1  41.49026435086195  0.7097356491380538  2.8980466246656027
20.150000000000002  41.633973600289416  0.6660263997105886  2.8581439170977734
20.2  41.77565829006749  0.6243417099325086  2.8172673440587928
20.25  41.91527129649406  0.5847287035059381  2.775469306801617
20.3  42.0527681314328  0.5472318685672022  2.732802685011379
20.35  42.188106956553455  0.5118930434465483  2.6893205005239835
20.400000000000002  42.321248577328284  0.47875142267172066  2.6450754620654267
20.45  42.45215640977677  0.44784359022322917  2.6001193558150266
20.5  42.58079641136484  0.41920358863516327  2.5545022545357794
20.55  42.70713696692337  0.3928630330766296  2.508271549703687
20.6  42.83114872269444  0.3688512773055663  2.4614708856605976
20.650000000000002  42.95280436943234  0.34719563056766134  2.414139213406888
20.7  43.072078392414014  0.327921607585985  2.366310391851474
20.75  43.18894683495311  0.31105316504689284  2.318014007950464
20.8  43.30338716083581  0.29661283916419023  2.269278236230508
20.85  43.41537833852717  0.2846216614728334  2.220135374803274
20.900000000000002  43.524901281112065  0.27509871888793924  2.1706299104481115
20.95  43.63193972755715  0.26806027244284536  2.1208275277396265
21.0  43.736481522677  0.2635184773229966  2.0708218885667398
21.05  43.838520069534994  0.2614799304650077  2.020735394159616
21.1  43.9380555733201  0.2619444266799036  1.9707116147965547
21.150000000000002  44.035095678823424  0.26490432117658  1.9209005489622353
21.2  44.12965527514207  0.27034472485792804  1.8714414970201998
21.25  44.22175553217874  0.2782444678212599  1.8224496218022428
21.3  44.311422488910736  0.2885775110892652  1.7740102692965674
21.35  44.39868560497931  0.3013143950206896  1.7261813166145763
21.400000000000002  44.48357660044383  0.3164233995561716  1.6790007148678312
21.45  44.56612872969299  0.33387127030700725  1.6324954602005264
21.5  44.6463764699829  0.3536235300171029  1.5866891626679946
21.55  44.72435551158507  0.3756444884149346  1.5416069927382836
21.6  44.800102916717364  0.39989708328263873  1.4972780774629042
21.650000000000002  44.87365733950426  0.42634266049574165  1.4537360466442755
21.7  44.945059238558684  0.4549407614413141  1.4110185198073881
21.75  45.01435104855142  0.48564895144858156  1.3691661467307266
21.8  45.081577300631466  0.5184226993685357  1.3282215778235613
21.85  45.1467846943493  0.5532153056507028  1.2882285487409142
21.900000000000002  45.21002212901759  0.5899778709824162  1.249231141401602
21.95  45.27134070344061  0.6286592965593911  1.2112732195917393
22.0  45.33079369195451  0.6692063080454886  1.1743980111392205
22.05  45.388436503092684  0.711563496907317  1.1386478029002756
22.1  45.44432662558338  0.7556733744166237  1.1040637181914326
22.150000000000002  45.49852356505341  0.8014764349465935  1.0706855526024035
22.2  45.55108877380069  0.8489112261993057  1.0385516504243175
22.25  45.60208557527155  0.8979144247284481  1.0076988091451764
22.3  45.651579084374646  0.9484209156253556  0.9781622034035918
22.35  45.69963612442132  1.0003638755786852  0.9499753226089255
22.400000000000002  45.74632514125389  1.0536748587461133  0.9231699183825662
22.45  45.79171611497292  1.1082838850270775  0.8977759592902423
22.5  45.83588046957541  1.1641195304245926  0.8738215912106974
22.55  45.87889098075168  1.221109019248324  0.8513331022630914
22.6  45.92082168204661  1.279178317953395  0.8303348915934694
22.650000000000002  45.96174776956377  1.3382522304362325  0.8108494415672148
22.7  46.00174550537359  1.398254494626407  0.792897293074822
22.75  46.04089211977508  1.45910788022492  0.7764970237624474
22.8  46.079265712553614  1.5207342874463876  0.7616652290660513
22.85  46.11694515337247  1.5830548466275332  0.7484165059712836
22.900000000000002  46.15400998143267  1.645990018567332  0.7367634394489047
22.95  46.19054030453414  1.7094596954658599  0.726716591532838
23.0  46.2266166976693  1.7733833023307  0.7182844930184764
23.05  46.26232010127989  1.8376798987201113  0.7114736377648874
23.1  46.29773171930653  1.9022682806934696  0.706288479587605
23.150000000000002  46.33293291716043  1.967067082839577  0.7027314317297526
23.2  46.36800511974561  2.0319948802543877  0.7008028688989625
23.25  46.40302970965967  2.0969702903403302  0.7005011318563922
23.3  46.438087925700074  2.161912074299927  0.7018225345423765
23.35  46.47326076180243  2.226739238197574  0.7047613737210976
23.400000000000002  46.50862886653601  2.291371133463997  0.7093099411242233
23.45  46.544272443280924  2.3557275567190743  0.7154585380708844
23.5  46.58027115120982  2.4197288487901787  0.7231954925386621
23.55  46.61670400719602  2.4832959928039813  0.7325071786574967
23.6  46.65364928876821  2.5463507112317956  0.7433780385956592
23.650000000000002  46.69118443823031  2.6088155617696955  0.755790606804133
23.7  46.72938596806341  2.670614031936587  0.7697255365829884
23.75  46.76832936772465  2.7316706322753532  0.785161628930593
23.8  46.808089011955936  2.791910988044066  0.80207586363379
23.85  46.848738070713296  2.851261929286707  0.8204434325545329
23.900000000000002  46.890348420825205  2.909651579174799  0.8402377750658409
23.95  46.93299055948594  2.9670094405140617  0.8614306155874101
24.0  46.97673351968726  3.023266480312742  0.883992003168731
24.05  47.021644787689354  3.0783552123106475  0.907890353065139
24.1  47.0677902226289  3.132209777371102  0.9330924902498838
24.150000000000002  47.115233978359186  3.1847660216408187  0.9595636948030479
24.2  47.16403842761449  3.2359615723855057  0.9872677491159336
24.25  47.21426408858742  3.28573591141258  1.0161669868474437
24.3  47.26596955400499  3.334030445995012  1.0462223435669484
24.35  47.31921142278564  3.3807885772143607  1.077393409016195
24.400000000000002  47.3740442343562  3.425955765643806  1.109638480920957
24.45  47.430520405703945  3.469479594296054  1.1429146202813751
24.5  47.4886901712358  3.5113098287641975  1.1771777080682555
24.55  47.548601525512524  3.5513984744874776  1.212382503251034
24.6  47.610300168922244  3.589699831077759  1.2484827020816296
24.650000000000002  47.67382945635393  3.626170543646076  1.285430998557035
24.7  47.73923034892729  3.6607696510727052  1.323179145982213
24.75  47.80654136883177  3.6934586311682267  1.3616780195536913
24.8  47.87579855732321  3.7242014426767938  1.400877679883171
24.85  47.9470354359228  3.752964564077203  1.440727437379493
24.900000000000002  48.020282970858766  3.7797170291412385  1.4811759174064423
24.95  48.095569540787  3.804430459213002  1.5221711261330975
25.0  48.172920907822785  3.8270790921772146  1.5636605169927928
25.05  48.25236019191168  3.8476398080883243  1.6055910576661918
25.1  48.33390784856286  3.866092151437144  1.6479092975035423
25.150000000000002  48.4175816499647  3.8824183500353016  1.6905614353008402
25.2  48.50339666949748  3.896603330502522  1.7334933873444005
25.25  48.59136526965415  3.9086347303458524  1.776650855638212
25.3  48.68149709337574  3.918502906624262  1.8199793962284447
25.35  48.77379905880368  3.9262009411963206  1.863424487539561
25.400000000000002  48.868275357447054  3.9317246425529504  1.9069315986366864
25.45  48.96492745575855  3.93507254424145  1.9504462573292032
25.5  49.063754100108575  3.936245899891425  1.9939141180309337
25.55  49.164751325143  3.935248674857  2.037281029292809
25.6  49.26791246550544  3.9320875344945634  2.080493100924512
25.650000000000002  49.37322817090117  3.9267718290988327  2.1234967706223378
25.7  49.48068642447549  3.919313575524505  2.166238870021314
25.75  49.59027256447531  3.9097274355246867  2.2086666900905554
25.8  49.701969309158706  3.8980306908412956  2.2507280457918495
25.85  49.815756784913276  3.8842432150867268  2.2923713399225845
25.900000000000002  49.93161255754013  3.868387442459877  2.33354562606536
25.95  50.04951166665657  3.850488333343428  2.37420067056791
26.0  50.169426663166746  3.830573336833254  2.414287013478386
26.05  50.2913276497458  3.8086723502541986  2.4537560283625295
26.1  50.41518232427947  3.7848176757205323  2.492559980930848
26.150000000000002  50.5409560261975  3.7590439738025054  2.5306520864055715
26.2  50.668611785635825  3.7313882143641735  2.5679865655589116
26.25  50.79811037535911  3.7018896246408914  2.6045186993559892
26.3  50.92941036537181  3.670589634628193  2.6402048821376773
26.35  51.06246818014296  3.6375318198570454  2.6750026732806305
26.400000000000002  51.19723815836674  3.602761841633267  2.7088708472737824
26.45  51.33367261517782  3.5663273848221806  2.7417694421527683
26.5  51.47172190673761  3.5282780932623865  2.773659806235892
26.55  51.61133449710509  3.4886655028949107  2.804504643107526
26.6  51.75245702730275  3.4475429726972493  2.8342680547971724
26.650000000000002  51.89503438648616  3.404965613513845  2.8629155831047726
26.7  52.03900978512286  3.360990214877141  2.890414249025302
26.75  52.18432483008442  3.315675169915579  2.916732590228174
26.8  52.33091960155296  3.269080398447045  2.941840696549524
26.85  52.47873273164158  3.2212672683584245  2.965710243458005
26.900000000000002  52.62770148462644  3.172298515373562  2.988314523457396
26.95  52.777761838686125  3.1222381613138737  3.0096284753919464
27.0  52.928848569042536  3.071151430957464  3.0296287116231104
27.05  53.080895332396004  3.0191046676039974  3.048293543049056
27.1  53.233834752546024  2.9661652474539792  3.0656030019410916
27.150000000000002  53.38759850708769  2.9124014929123163  3.081538862573937
27.2  53.54211741507288  2.8578825849271183  3.0960846596295926
27.25  53.69732152552449  2.8026784744755133  3.109225704357374
27.3  53.85314020669083  2.74685979330917  3.120949098475525
27.35  54.00950223592722  2.6904977640727807  3.131243745802677
27.400000000000002  54.166335890090615  2.6336641099093896  3.14010036161028
27.45  54.32356903633346  2.576430963666539  3.1475114796899906
27.5  54.481129223182236  2.5188707768177636  3.153471457132872
27.55  54.63894377178629  2.461056228213714  3.1579764768201026
27.6  54.7969398672226  2.403060132777405  3.1610245476277474
27.650000000000002  54.955044649742405  2.3449553502575995  3.1626155023509797
27.7  55.11318530584574  2.286814694154259  3.1627509933559463
27.75  55.27128915907074  2.22871084092926  3.161434485970278
27.8  55.42928376038496  2.1707162396150395  3.1586712496260057
27.85  55.58709697806684  2.112903021933164  3.154468346771368
27.900000000000002  55.74465708696629  2.055342913033712  3.1488346195707244
27.95  55.901892857034554  1.998107142965445  3.1417806744144037
28.0  56.0587336410144  1.941266358985601  3.133318864262956
28.05  56.21510946118334  1.8848905388166628  3.123463268852803
28.1  56.37095109504365  1.8290489049563519  3.1122296727927794
28.150000000000002  56.52619015985484  1.7738098401451623  3.0996355415834707
28.2  56.68075919590564  1.7192408040943619  3.0856999955935605
28.25  56.834591748424415  1.6654082515755846  3.0704437820296757
28.3  56.987622448028965  1.6123775519710364  3.0538892449383153
28.35  57.13978708961833  1.5602129103816722  3.0360602932804985
28.400000000000002  57.291022709611696  1.5089772903883087  3.0169823671216642
28.45  57.44126766144136  1.4587323385586402  2.996682401981114
28.5  57.59046168920917  1.409538310790829  2.975188791386981
28.55  57.73854599941808  1.3614540005819222  2.9525313476842374
28.6  57.88546333069297  1.3145366693070315  2.9287412611447223
28.650000000000002  58.03115802140741  1.2688419785925973  2.903851057429672
28.7  58.175576075135346  1.2244239248646522  2.8778945534567613
28.75  58.3186652238498  1.1813347761502015  2.850906811725529
28.8  58.460374988792964  1.1396250112070376  2.8229240931573742
28.85  58.60065673894527  1.0993432610547345  2.79398380850949
28.900000000000002  58.73946374702409  1.0605362529759148  2.7641244684265853
28.95  58.87675124294588  1.0232487570541196  2.73338563220056
29.0  59.01247646468965  0.987523535310352  2.7018078553170914
29.05  59.14659870650364  0.9534012934963627  2.669432635879979
29.1  59.27907936440233  0.9209206355976747  2.6363023600195215
29.150000000000002  59.40988197890657  0.8901180210934356  2.602460246410115
29.2  59.538972274986655  0.8610277250133436  2.5679502900439495
29.25  59.666318199176125  0.8336818008238751  2.5328172054299425
29.3  59.791889953833085  0.8081100461669166  2.4971063694061915
29.35  59.9156600285358  0.7843399714642061  2.4608637637642397
29.400000000000002  60.03760322860879  0.7623967713912165  2.424135917876832
29.45  60.15769670078476  0.7423032992152372  2.386969851488781
29.5  60.27591995601352  0.7240800439864827  2.3494130177656714
29.55  60.392254889431186  0.7077451105688155  2.311513246594149
29.6  60.50668579749872  0.6933142025012842  2.27331868799526
29.650000000000002  60.619199392307195  0.6808006076928095  2.2348777553650194
29.7  60.72978481302943  0.6702151869705659  2.1962390681225945
29.75  60.838433634473134  0.6615663655268662  2.1574513932640946
29.8  60.94513987266591  0.6548601273340893  2.118563585327232
29.85  61.04989998738083  0.6501000126191698  2.0796245243957636
29.900000000000002  61.15271288149936  0.6472871185006426  2.0406830520137023
29.95  61.25357989711171  0.6464201028882854  2.00178790520584
30.0  61.35250480827499  0.6474951917250067  1.9629876491499885
30.05  61.44949381038573  0.6505061896142692  1.9243306093379018
30.1  61.54455550617106  0.655444493828945  1.885864804223462
30.150000000000002  61.63770088835281  0.6622991116471937  1.8476378793464914
30.2  61.72894331908368  0.6710566809163154  1.8096970437414979
30.25  61.81829850628627  0.6817014937137316  1.7720890091397379
30.3  61.90578447704087  0.6942155229591336  1.7348599321245128
30.35  61.99142154816605  0.7085784518339509  1.698055359081515
30.400000000000002  62.07523229412086  0.7247677058791453  1.661720173557223
30.45  62.15724151233426  0.7427584876657392  1.6258985455262793
30.5  62.23747618604217  0.7625238139578272  1.590633882068846
30.55  62.31596544468959  0.7840345553104129  1.555968779043262
30.6  62.39274052193854  0.8072594780614608  1.5219449734701995
30.650000000000002  62.467834711312726  0.8321652886872783  1.4886032964858842
30.7  62.54128331950602  0.858716680493977  1.455983626847308
30.75  62.6131236173849  0.8868763826150996  1.42412484506706
30.8  62.68339478871983  0.9166052112801708  1.393064788315509
30.85  62.7521378766892  0.9478621233108058  1.3628402062570248
30.900000000000002  62.819395728207496  0.9806042717925081  1.3334867179919716
30.95  62.88521293613802  1.0147870638619807  1.3050387702655166
31.0  62.94963577945773  1.0503642205422707  1.2775295970850913
31.05  63.012712161448476  1.087287838551518  1.250991180866089
31.1  63.074491545993766  1.125508454006237  1.2254542152037036
31.150000000000002  63.13502489206519  1.164975107934822  1.2009480693496009
31.2  63.19436458648538  1.2056354135146279  1.1775007544562597
31.25  63.25256437505751  1.24743562494249  1.1551388916392649
31.3  63.30967929215363  1.2903207078463623  1.1338876818982517
31.35  63.36576558885562  1.3342344111443794  1.1137708779300064
31.400000000000002  63.4208806597443  1.3791193402557127  1.0948107578618635
31.45  63.47508296843346  1.4249170315665438  1.0770281009294804
31.5  63.52843197194672  1.4715680280532766  1.0604421651198928
31.55  63.580988044035884  1.5190119559641104  1.045070666798145
31.6  63.63281239754062  1.5671876024593843  1.030929762333517
31.650000000000002  63.683967005889755  1.616032994110256  1.0180340317392476
31.7  63.73451452384535  1.6654854761546574  1.006396464337622
31.75  63.784518207590956  1.7154817924090437  0.9960284464602353
31.8  63.83404183426624  1.7659581657337569  0.9869397511911675
31.85  63.8831496210501  1.8168503789499013  0.9791385301586705
31.900000000000002  63.93190614389501  1.8680938561049985  0.9726313073787702
31.95  63.9803762560151  1.919623743984907  0.9674229751519441
32.0  64.02862500623061  1.9713749937693876  0.9635167920117305
32.05  64.07671755727127  2.0232824427287284  0.9609143827218024
32.1  64.12471910414087  2.0752808958591373  0.9596157403156501
32.15  64.17269479264482  2.127305207355178  0.9596192301706497
32.2  64.22070963818227  2.179290361817735  0.9609215961058776
32.25  64.26882844490335  2.231171555096651  0.9635179684906392
32.3  64.31711572533189  2.282884274668106  0.9674018743482667
32.35  64.36563562055272  2.3343643794472797  0.9725652494373528
32.4  64.41445182106176  2.3855481789382367  0.9789984522902185
32.45  64.46362748837623  2.436372511623773  0.9866902801860411
32.5  64.51322517750084  2.4867748224991573  0.9956279870337619
32.55  64.56330676034487  2.536693239655122  1.0057973031375755
32.6  64.61393335018306  2.5860666498169422  1.0171824568155494
32.65  64.66516522725229  2.634834772747709  1.0297661978396984
32.7  64.71706176557409  2.6829382344259187  1.043529822663647
32.75  64.76968136109107  2.7303186389089262  1.058453201401885
32.8  64.82308136120409  2.7769186387959053  1.0745148065225294
32.85  64.8773179957942  2.8226820042058023  1.0916917432134625
32.9  64.93244630981218  2.867553690187819  1.1099597813797404
32.95  64.98852009751567  2.9114799024843308  1.1292933892282273
33.0  65.04559183843197  2.9544081615680255  1.1496657683935583
33.05  65.10371263512206  2.9962873648779293  1.1710488905577128
33.1  65.16293215281935  3.0370678471806514  1.193413535513736
33.15  65.22329856101335  3.076701438986646  1.2167293306224867
33.2  65.2848584770468  3.115141522953209  1.2409647916096536
33.25  65.34765691179125  3.1523430882087524  1.2660873646487594
33.3  65.41173721746418  3.1882627825358156  1.292063469674406
33.35  65.477141037647  3.2228589623530013  1.318858544868591
33.4  65.54390825956108  3.2560917404389187  1.3464370922616455
33.45  65.6120769686558  3.2879230313442065  1.37476272438806
33.5  65.68168340555933  3.318316594440674  1.4037982119363237
33.55  65.75276192544031  3.3472380745596837  1.4335055323307955
33.6  65.82534495982469  3.3746550401753126  1.4638459191826347
33.65  65.89946298090969  3.400537019090308  1.4947799125458776
33.7  65.97514446841303  3.424855531586971  1.5262674099138993
33.75  66.05241587899258  3.4475841210074236  1.5582677178907545
33.8  66.1313016182677  3.4686983817322954  1.5907396044711941
33.85  66.2118240154717  3.488175984528297  1.6236413518625685
33.9  66.29400330075947  3.5059966992405265  1.6569308097813198
33.95  66.37785758519253  3.522142414807476  1.6905654491563342
34.0  66.46340284341971  3.536597156580285  1.7245024161710962
34.05  66.55065289906838  3.5493471009316124  1.758698586576323
34.1  66.63961941285746  3.5603805871425465  1.7931106202045997
34.15  66.73031187344066  3.569688126559342  1.8276950156184495
34.2  66.8227375909842  3.577262409015802  1.862408164823278
34.25  66.91690169348041  3.583098306519588  1.8972064079767244
34.300000000000004  67.01280712579486  3.5871928742051438  1.9320460880261219
34.35  67.11045465144146  3.589545348558545  1.9668836052060397
34.4  67.20984285707652  3.5901571429234735  2.001675471328208
34.45  67.3109681596993  3.5890318403007058  2.0363783637965733
34.5  67.41382481654327  3.5861751834567315  2.070949179280734
34.550000000000004  67.51840493763918  3.581595062360833  2.1053450869815866
34.6  67.62469850102735  3.5753014989726495  2.139523581423725
34.65  67.73269337059388  3.5673066294061186  2.1734425347098356
34.7  67.84237531650152  3.5576246834984886  2.2070602481732218
34.75  67.95372803818374  3.5462719618162595  2.240335503365448
34.800000000000004  68.06673318986644  3.5332668101335685  2.273227612317128
34.85  68.18137040857934  3.5186295914206625  2.3056964670109137
34.9  68.29761734461594  3.5023826553840536  2.3377025880068816
34.95  68.41544969439762  3.484550305602383  2.3692071721617385
35.0  68.53484123569515  3.465158764304846  2.400172139384524
35.050000000000004  68.65576386515755  3.4442361348424555  2.4305601783728426
35.1  68.77818763809586  3.421812361904145  2.460334791275078
35.15  68.90208081046622  3.3979191895337806  2.489460337225503
35.2  69.0274098829948  3.3725901170052026  2.5179020747007512
35.25  69.15413964738373  3.3458603526162705  2.5456262026477168
35.300000000000004  69.28223323453527  3.3177667654647394  2.5725999003345943
35.35  69.41165216472923  3.28834783527077  2.5987913658785007
35.4  69.54235639968563  3.257643600314367  2.6241698534048776
35.45  69.67430439644336  3.2256956035566446  2.6487057087957098
35.5  69.80745316298272  3.192546837017275  2.6723704039854335
35.550000000000004  69.9417583155183  3.158241684481709  2.6951365697653618
35.6  70.07717413738621  3.1228258626137944  2.716978027059379
35.65  70.21365363944837  3.08634636055163  2.737869816635691
35.7  70.35114862193473  3.0488513780652795  2.757788227221425
35.75  70.48960973764225  3.0103902623577454  2.7767108219889747
35.800000000000004  70.62898655640878  2.9710134435912323  2.794616463385089
35.85  70.76922763077792  2.9307723692220833  2.811485336275833
35.9  70.91028056276996  2.889719437230042  2.827298969382743
35.95  71.05209207167267  2.8479079283273308  2.8420402549876593
36.0  71.19460806276511  2.8053919372348872  2.855693466885979
36.050000000000004  71.33777369688583  2.7622263031141756  2.868244276570256
36.1  71.48153346075686  2.7184665392431384  2.8796797676283856
36.15  71.62583123797364  2.674168762026355  2.889988448342839
36.2  71.77061038057077  2.629389619429233  2.8991602624796897
36.25  71.91581378107253  2.5841862189274707  2.9071865982585066
36.300000000000004  72.06138394493716  2.538616055062846  2.9140602954964194
36.35  72.20726306330349  2.4927369366965166  2.9197756509219994
36.4  72.35339308594833  2.446606914051671  2.9243284216568752
36.45  72.49971579436296  2.4002842056370497  2.9277158268652985
36.5  72.64617287485703  2.3538271251429705  2.929936547574158
36.550000000000004  72.79270599159904  2.307294008400973  2.930990724668209
36.6  72.9392568595016  2.2607431404984055  2.930879955067564
36.65  73.08576731686165  2.2142326831383485  2.9296072860967106
36.7  73.23217939766491  2.167820602335098  2.9271772080565905
36.75  73.37843540346552  2.1215645965344834  2.9235956450134424
36.800000000000004  73.52447797475193  2.075522025248077  2.9188699438203294
36.85  73.67025016171144  2.0297498382885664  2.9130088613894154
36.9  73.81569549430621  1.9843045056937854  2.9060225502352015
36.95  73.96075805157545  1.9392419484245522  2.8979225423110035
37.0  74.10538253007844  1.894617469921556  2.888721731163074
37.050000000000004  74.24951431139583  1.8504856886041807  2.8784343524287497
37.1  74.3930995286067  1.8069004713933055  2.8670759627070437
37.15  74.53608513166121  1.7639148683387873  2.854663416832045
37.2  74.6784189515698  1.7215810484302096  2.8412148435814086
37.25  74.8200497633317  1.6799502366683043  2.826749619854112
37.300000000000004  74.96092734752743  1.6390726524725778  2.811288343353489
37.35  75.10100255050162  1.598997449498384  2.7948528038133587
37.4  75.24022734306423  1.5597726569357633  2.7774659528068435
37.45  75.37855487764106  1.5214451223589407  2.7591518721791957
37.5  75.51593954380556  1.4840604561944417  2.7399357411476553
37.550000000000004  75.65233702212672  1.4476629778732928  2.719843802113041
37.6  75.78770433627042  1.41229566372958  2.6989033252293972
37.65  75.92199990329291  1.3780000967070833  2.677142571779655
37.7  76.05518358206866  1.3448164179313409  2.654590756406833
37.75  76.18721671979682  1.3127832802031776  2.631278008251844
37.800000000000004  76.31806219653303  1.281937803466974  2.607235331050473
37.85  76.44768446769636  1.2523155323036406  2.582494562243506
37.9  76.57604960450351  1.2239503954964874  2.5570883311553203
37.95  76.70312533228545  1.1968746677145532  2.5310500162974177
38.0  76.82888106664456  1.1711189333554444  2.5044137018543964
38.050000000000004  76.95328794741293  1.1467120525870769  2.477214133410589
38.1  77.07631887037594  1.1236811296240603  2.449486672976055
38.15  77.19794851672741  1.1020514832725894  2.421267253370724
38.2  77.31815338022632  1.0818466197736853  2.3925923320251306
38.25  77.4369117920277  1.0630882079722994  2.3634988442555596
38.300000000000004  77.55420394316273  1.0457960568372755  2.334024156070296
38.35  77.67001190464681  1.0299880953531897  2.3042060165624134
38.4  77.78431964519599  1.0156803548040045  2.274082509943125
38.45  77.89711304653586  1.0028869534641416  2.2436920072684643
38.5  78.00837991628896  0.9916200837110409  2.2130731179112297
38.550000000000004  78.11810999842919  0.9818900015708181  2.1822646408299655
38.6  78.22629498129534  0.9737050187046634  2.1513055156874845
38.65  78.33292850315719  0.9670714968428058  2.1202347738732006
38.7  78.43800615533128  0.9619938446687257  2.089091489486339
38.75  78.54152548284642  0.9584745171535758  2.057914730340635
38.800000000000004  78.6434859826617  0.9565140173383071  2.0267435090551524
38.85  78.74388909944327  0.9561109005567374  1.9956167342997753
38.9  78.84273821891001  0.9572617810899828  1.964573162267181
38.95  78.94003865876155  0.9599613412384542  1.9336513484452442
39.0  79.03579765720572  0.9642023427942803  1.9028895997643729
39.050000000000004  79.13002435910666  0.9699756408933524  1.8723259271931452
39.1  79.22272979977791  0.9772702002220939  1.8419979988528845
39.15  79.31392688644866  0.9860731135513419  1.8119430937177308
39.2  79.40363037743403  0.9963696225659788  1.7821980559619135
39.25  79.49185685904368  1.0081431409563208  1.7527992500107763
39.300000000000004  79.57862472026552  1.0213752797344853  1.7237825163472296
39.35  79.66395412526346  1.0360458747365442  1.6951831281211165
39.4  79.74786698373107  1.0521330162689253  1.6670357486057157
39.45  79.83038691914442  1.0696130808555893  1.6393743895433792
39.5  79.91153923496002  1.088460765039983  1.6122323704210482
39.550000000000004  79.99135087880548  1.1086491211945315  1.585642278715849
39.6  80.06985040471255  1.130149595287449  1.5596359311510106
39.65  80.14706793344435  1.1529320665556497  1.5342443360025826
39.7  80.22303511097047  1.1769648890295343  1.50949765649774
39.75  80.29778506514594  1.2022149348540552  1.4854251753455434
39.800000000000004  80.37135236065153  1.2286476393484804  1.462055260440912
39.85  80.44377295225577  1.2562270477442326  1.4394153317820164
39.9  80.51508413646003  1.2849158635399647  1.4175318296404673
39.95  80.58532450159085  1.3146754984091586  1.3964301840224784
40.0  80.65453387640491  1.345466123595088  1.3761347854577122
40.050000000000004  80.72275327727425  1.3772467227257579  1.356668957150806
40.1  80.7900248540208  1.4099751459792031  1.3380549285287127
40.15  80.85639183447095  1.4436081655290423  1.3203138102149825
40.2  80.9218984678024  1.4781015321976128  1.303465570460045
40.25  80.98658996675688  1.5134100332431188  1.2875290130544264
40.300000000000004  81.05051244879384  1.5494875512061697  1.2725217567496725
40.35  81.1137128762607  1.5862871237392966  1.25846021620963
40.4  81.17623899565744  1.6237610043425548  1.2453595845125567
40.45  81.23813927607301  1.661860723926992  1.2332338172224195
40.5  81.29946284687307  1.7005371531269304  1.2220956180455824
40.550000000000004  81.36025943471829  1.7397405652817213  1.2119564260869933
40.6  81.42057929999386  1.779420700006142  1.2028264047178663
40.65  81.48047317273101  1.8195268272689873  1.194714432064747
40.7  81.53999218810173  1.8600078118982708  1.1876280931277836
40.75  81.59918782156859  1.9008121784314085  1.1815736735339264
40.800000000000004  81.65811182377114  1.941888176228872  1.1765561549287236
40.85  81.71681615523136  1.9831838447686465  1.1725792120083045
40.9  81.77535292095973  2.024647079040264  1.1696452111910929
40.95  81.83377430504413  2.0662256949558753  1.1677552109267515
41.0  81.89213250530302  2.1078674946969755  1.1669089636378118
41.050000000000004  81.95047966808472  2.1495203319152836  1.167104919287432
41.1  82.00886782329354  2.1911321767064607  1.1683402305647108
41.15  82.06734881972339  2.232651180276605  1.17061075967699
41.2  82.125974260779  2.2740257392210026  1.173911086736617
41.25  82.18479544066385  2.315204559336152  1.1782345197276654
41.300000000000004  82.24386328111345  2.3561367188865603  1.1835731060361967
41.35  82.30322826875161  2.3967717312483927  1.1899176455257283
41.4  82.36294039314619  2.4370596068538077  1.197257705137703
41.45  82.42304908564017  2.4769509143598327  1.2055816349948987
41.5  82.48360315903237  2.51639684096763  1.2148765859838984
41.550000000000004  82.54465074818087  2.5553492518191376  1.2251285287909643
41.6  82.60623925160128  2.593760748398722  1.2363222743639022
41.65  82.66841527412998  2.631584725870013  1.248441495770796
41.7  82.73122457072152  2.668775429278483  1.2614687514248348
41.75  82.7947119914474  2.7052880085526  1.2753855096427933
41.800000000000004  82.8589214277618  2.7410785722382087  1.2901721745031942
41.85  82.92389576009835  2.776104239901656  1.3058081129685997
41.9  82.98967680686005  2.8103231931399506  1.3222716832350132
41.95  83.05630527486234  2.8436947251376665  1.3395402642699303
42.0  83.12382071128779  2.8761792887122084  1.357590286499189
42.050000000000004  83.1922614572085  2.907738542791506  1.3763972636014319
42.1  83.2616646027304  2.938335397269597  1.3959358253677223
42.15  83.33206594381126  2.9679340561887386  1.4161797515826249
42.2  83.40349994080223  2.9965000591977713  1.437102006881897
42.25  83.47599967876054  3.0240003212394555  1.4586747765408374
42.300000000000004  83.5495968295781  3.0504031704219017  1.4808695031462782
42.35  83.62432161596914  3.0756783840308657  1.5036569241042332
42.4  83.70020277735685  3.099797222643147  1.5270071099342843
42.45  83.77726753769727  3.1227324623027357  1.5508895033009396
42.5  83.85554157527531  3.1444584247246894  1.5752729587313763
42.550000000000004  83.93504899450612  3.16495100549389  1.600125782968286
42.6  84.01581229977168  3.184187700228321  1.6254157759058425
42.65  84.09785237132037  3.2021476286796258  1.6511102720562314
42.7  84.18118844325436  3.2188115567456492  1.6771761824936582
42.75  84.26583808362719  3.2341619163728126  1.7035800372222487
42.800000000000004  84.35181717667099  3.2481828233290173  1.7302880279139239
42.85  84.43913990717039  3.260860092829617  1.757266050961939
42.9  84.52781874699703  3.2721812530029695  1.7844797507955568
42.95  84.61786444381629  3.282135556183718  1.8118945634011336
43.0  84.70928601197484  3.2907139880251606  1.839475759994757
43.050000000000004  84.80209072557494  3.2979092744250664  1.8671884907915344
43.1  84.89628411373862  3.3037158862613865  1.8949978288166525
43.15  84.99186995806235  3.3081300419376447  1.9228688137033978
43.2  85.08885029225966  3.3111497077403413  1.9507664954234998
43.25  85.18722540398699  3.312774596013014  1.978655977895358
43.300000000000004  85.28699383884474  3.313006161155272  2.0065024624160244
43.35  85.38815240654327  3.311847593456733  2.034271290863157
43.4  85.4906961892208  3.3093038107791983  2.0619279886135713
43.45  85.5946185518972  3.305381448102807  2.08943830712553
43.5  85.69991115504561  3.300088844954388  2.116768266132438
43.550000000000004  85.80656396926064  3.2934360307393717  2.143884195396236
43.6  85.91456529199966  3.285434708000338  2.170752775969472
43.65  86.0239017663713  3.2760982336287015  2.1973410809157548
43.7  86.1345584019423  3.2654415980577056  2.223616615439102
43.75  86.2465185975319  3.253481402468097  2.24954735637357
43.800000000000004  86.35976416596024  3.2402358340397655  2.2751017909854485
43.85  86.47427536071497  3.2257246392850334  2.3002489550413046
43.9  86.59003090449829  3.2099690955017053  2.3249584700961696
43.95  86.70700801961347  3.1929919803865374  2.3492005799572784
44.0  86.82518246014907  3.1748175398509346  2.372946186279876
44.050000000000004  86.94452854591546  3.155471454084548  2.396166883252845
44.1  87.0650191980876  3.1349808019124055  2.4188349913330915
44.15  87.18662597650466  3.1133740234953393  2.4409235899889756
44.2  87.30931911857623  3.090680881423779  2.4624065494143683
44.25  87.43306757974241  3.0669324202575865  2.4832585611763105
44.300000000000004  87.55783907543322  3.0421609245667867  2.5034551677606753
44.35  87.68360012447155  3.0163998755284496  2.5229727909817035
44.4  87.81031609386152  2.989683906138481  2.5417887592227757
44.45  87.93795124490293  2.962048755097072  2.5598813334773283
44.5  88.0664687805712  2.933531219428801  2.5772297321604056
44.550000000000004  88.19583089410006  2.9041691058999533  2.593814154662925
44.6  88.32599881870372  2.874001181296279  2.6096158036224115
44.65  88.45693287837335  2.843067121626646  2.6246169058855777
44.7  88.58859253968183  2.811407460318179  2.6388007321398605
44.75  88.72093646452961  2.779063535470385  2.6521516151927127
44.800000000000004  88.85392256376356  2.7460774362364475  2.6646549668792234
44.85  88.98750805159928  2.712491948400725  2.6762972935803666
44.9  89.12164950077764  2.6783504992223612  2.6870662103359795
44.95  89.25630289838413  2.643697101615871  2.6969504535383484
45.0  89.39142370226017  2.6085762977398304  2.7059398921941145
45.050000000000004  89.52696689793407  2.573033102065935  2.714025537743999
45.1  89.66288705599973  2.5371129440002704  2.7211995524316883
45.15  89.79913838986998  2.5008616101300163  2.727455256215057
45.2  89.9356748138315  2.4643251861685087  2.7327871322147295
45.25  90.07245000132839  2.4275499986716085  2.7371908306968327
45.300000000000004  90.20941744340078  2.3905825565992274  2.740663171588624
45.35  90.3465305072052  2.353469492794801  2.743202145527508
45.4  90.48374249454348  2.3162575054565195  2.744806913445801
45.45  90.62100670032702  2.2789932996729902  2.745477804695399
45.5  90.75827647090378  2.2417235290962196  2.7452163137183443
45.550000000000004  90.89550526217526  2.2044947378247457  2.7440250952710685
45.6  91.03264669743152  2.167353302568486  2.741907958211882
45.65  91.16965462483283  2.130345375167167  2.738869857863045
45.7  91.30648317446702  2.093516825532987  2.73491688696052
45.75  91.44308681491223  2.0569131850877653  2.730056265206223
45.800000000000004  91.57942040923591  2.0205795907641004  2.724296327439302
45.85  91.71543927036124  1.9845607296387584  2.7176465104446605
45.9  91.85109921573385  1.9489007842661437  2.7101173384186055
45.95  91.98635662122189  1.9136433787781186  2.701720407113116
46.0  92.12116847418427  1.8788315258157269  2.6924683666818434
46.050000000000004  92.25549242564313  1.8445075743568822  2.6823749032525064
46.1  92.38928684149703  1.8107131585029776  2.671454719251902
46.15  92.52251085271403  1.7774891472859622  2.659723512511224
46.2  92.65512440444407  1.7448755955559392  2.647197954180875
46.25  92.78708830399195  1.7129116960080495  2.6338956654853476
46.300000000000004  92.91836426759457  1.6816357324054394  2.6198351933501645
46.35  93.04891496594605  1.6510850340539491  2.605035984934199
46.4  93.17870406841783  1.6212959315821678  2.5895183611019763
46.45  93.30769628592141  1.5923037140785965  2.5733034888718347
46.5  93.4358574123637  1.5641425876362973  2.5564133528770143
46.550000000000004  93.56315436464695  1.5368456353530604  2.5388707258778824
46.6  93.68955522116659  1.510444778833417  2.5206991383646264
46.65  93.81502925876326  1.4849707412367366  2.501922847290758
46.7  93.93954698808635  1.460453011913657  2.4825668039787554
46.75  94.06308018732908  1.4369198126709222  2.4626566212401224
46.800000000000004  94.18560193429708  1.414398065702926  2.4422185397529286
46.85  94.30708663677498  1.39291336322502  2.4212793937407313
46.9  94.42751006115678  1.3724899388432164  2.399866575997454
46.95  94.54684935930929  1.3531506406907141  2.3780080023034533
47.0  94.66508309363918  1.3349169063608173  2.355732075278558
47.050000000000004  94.78219126033702  1.3178087396629934  2.333067647718363
47.1  94.89815531077379  1.3018446892262148  2.3100439854604944
47.15  95.01295817102799  1.2870418289720078  2.28669072982794
47.2  95.12658425952324  1.2734157404767643  2.2630378596968455
47.25  95.23901950275942  1.2609804972405811  2.23911565323648
47.300000000000004  95.35025134912212  1.2497486508778906  2.2149546493693086
47.35  95.46026878075797  1.2397312192420316  2.1905856089993514
47.4  95.56906232350575  1.23093767649425  2.1660394760572173
47.45  95.67662405487545  1.223375945124559  2.1413473384104043
47.5  95.78294761007007  1.2170523899299326  2.1165403886876613
47.550000000000004  95.88802818604734  1.2119718139526725  2.0916498850663627
47.6  95.99186254362105  1.2081374563789495  2.066707112072011
47.65  96.09444900760391  1.205550992396084  2.041743341439063
47.7  96.1957874649966  1.204212535003407  2.0167897930823293
47.75  96.29587936122994  1.204120638770064  1.9918775962281174
47.800000000000004  96.39472769446981  1.205272305530201  1.9670377507541468
47.85  96.49233700799647  1.2076629920035344  1.9423010887869945
47.9  96.58871338067276  1.2112866193272396  1.9176982366053819
47.95  96.68386441551796  1.2161355844820463  1.893259576897114
48.0  96.77779922640623  1.2222007735937694  1.869015211416773
48.050000000000004  96.87052842291128  1.2294715770887308  1.8449949240905164
48.1  96.96206409332072  1.237935906679283  1.8212281446134206
48.15  97.05241978584634  1.2475802141536576  1.7977439125838688
48.2  97.14161048805835  1.2583895119416582  1.7745708422184616
48.25  97.22965260457384  1.2703473954261568  1.7517370876898875
48.300000000000004  97.31656393303184  1.2834360669681644  1.729270309129124
48.35  97.40236363838963  1.2976363616103725  1.7071976393322708
48.4  97.48707222557643  1.3129277744235708  1.685545651211236
48.45  97.57071151054294  1.3292884894570705  1.664340326026461
48.5  97.65330458974705  1.3466954102529485  1.6436070224387545
48.550000000000004  97.73487580811748  1.3651241918825292  1.6233704464162653
48.6  97.81545072553952  1.3845492744604826  1.6036546220315135
48.65  97.89505608190804  1.4049439180919592  1.584482863182292
48.7  97.97371976079522  1.426280239204786  1.5658777462691031
48.75  98.05147075178164  1.4485292482183638  1.5478610838606086
48.800000000000004  98.12833911150109  1.471660888498917  1.530453899377345
48.85  98.20435592345079  1.4956440765492118  1.5136764028226977
48.9  98.27955325662035  1.520446743379651  1.4975479675888006
48.95  98.35396412299407  1.5460358770059344  1.4820871083636669
49.0  98.42762243398207  1.5723775660179342  1.4673114601644648
49.050000000000004  98.5005629558376  1.5994370441624142  1.4532377585204073
49.1  98.57282126411866  1.627178735881344  1.4398818208272242
49.15  98.64443369725277  1.655566302747232  1.4272585288937134
49.2  98.71543730926552  1.6845626907344808  1.4153818126992952
49.25  98.78586982173383  1.7141301782661742  1.4042646353799288
49.300000000000004  98.8557695750255  1.7442304249745035  1.3939189794582
49.35  98.9251754788883  1.7748245211116966  1.38435583433173
49.4  98.99412696245125  1.80587303754875  1.3755851850324918
49.45  99.06266392370254  1.8373360762974613  1.3676160022679393
49.5  99.13082667850803  1.8691733214919708  1.3604562337532655
49.550000000000004  99.19865590923536  1.9013440907646526  1.3541127968424165
49.6  99.26619261304873  1.9338073869512726  1.3485915724638586
49.65  99.33347804993976  1.9665219500602404  1.3438974003654485
49.7  99.40055369055993  1.9994463094400743  1.3400340756710842
49.75  99.46746116392013  2.0325388360798655  1.337004346750189
49.800000000000004  99.53424220502322  2.06575779497679  1.3348099143994077
49.85  99.60093860249485  2.099061397505153  1.333451432334276
49.9  99.66759214627815  2.132407853721844  1.332928508986976
49.95  99.73424457545732  2.165755424542681  1.3332397106046763
50.0  99.80093752627504  2.1990624737249647  1.3343825656413335
